0253215
0457037
0453992
0155609
0253996
0453548
0557259
0257546
0154924
0456560
0253445
0157129
0357271
0255331
0255389
0253650
0157429
0553365
0253278
0556098
0254170
0352984
0252667
0353320
0357343
0556905
0253972
0556754
0554190
0454824
0253764
0553940
0252965
0452761
0354532
0154958
0153382
0554497
0555065
0155358
0353622
0455909
0452910
0356512
0356085
0454994
0357205
0257187
0157423
0555664
0454761
0457437
0456189
0553830
0353460
0554221
0453949
0255771
0257175
0555114
0356304
0453296
0254640
0353842
0254821
0554302
0254874
0356347
0452717
0154643
0556245
0457359
0154981
0453334
0157575
0157051
0453726
0452672
0457361
0355521
0156348
0457568
0255623
0353446
0555595
0357101
0154650
0253711
0254565
0254269
0155310
0156705
0156942
0553783
0153180
0556671
0555642
0156525
0453829
0555480
0152974
0256368
0255849
0255858
0356971
0454674
0556617
0457222
0257223
0257204
0555555
0455338
0156310
0553554
0156689
0156330
0255777
0457119
0455298
0257597
0455632
0554448
0356576
0556753
0156222
0254245
0457420
0256606
0153319
0356148
0554967
0553746
0555156
0453272
0156607
0256336
0556733
0256648
0557121
0355208
0356434
0153166
0256064
0157305
0554714
0355780
0153224
0554343
0252666
0453061
0153850
0552682
0552928
0157627
0555366
0555163
0155720
0557004
0255019
0254326
0353109
0555415
0355092
0353761
0556188
0153683
0353541
0557203
0353008
0553346
0154558
0453225
0255245
0553084
0555793
0554112
0354679
0157448
0456665
0255374
0255440
0256285
0354703
0557543
0453954
0255217
0454493
0257295
0454353
0452687
0555242
0556086
0254811
0152748
0355826
0156884
0253857
0154241
0353277
0253920
0554980
0253948
0452829
0156349
0254024
0353953
0156996
0556427
0257386
0553388
0354469
0152685
0156698
0157380
0352676
0254139
0555971
0452945
0354757
0457261
0253732
0456486
0353104
0357309
0253025
0453418
0254420
0154299
0157224
0455448
0453625
0255433
0257068
0557277
0156143
0557083
0253141
0454952
0555554
0156912
0254426
0156104
0256437
0257053
0156439
0352954
0556023
0252780
0254968
0456921
0157312
0156602
0255486
0153364
0552665
0255456
0453623
0553944
0155286
0557608
0152902
0153417
0357326
0156142
0454098
0156906
0156572
0153707
0156036
0353310
0155035
0557614
0254941
0454579
0154732
0256037
0456717
0354628
0153687
0254689
0354796
0455812
0353002
0352920
0253465
0554519
0153035
0453690
0252821
0454135
0156400
0555260
0152768
0352765
0456635
0257633
0556253
0555655
0553183
0453251
0457192
0156573
0454057
0156236
0454917
0453001
0254521
0457487
0355308
0556867
0556113
0255767
0553895
0556608
0252681
0354946
0555124
0152791
0253894
0457648
0454194
0155249
0255836
0557375
0457619
0356429
0455921
0354979
0456047
0456797
0352657
0155162
0456366
0252837
0253947
0355059
0155910
0254348
0455375
0257099
0357467
0257644
0353805
0353276
0255088
0556049
0255118
0555436
0454030
0456658
0153342
0155765
0455981
0256970
0455857
0455340
0155866
0453085
0354475
0552783
0553776
0353955
0156042
0152694
0154108
0455058
0254243
0456092
0453261
0154511
0456678
0156035
0553979
0554001
0554489
0252980
0554124
0157003
0556141
0352867
0353172
0355078
0155553
0453295
0555825
0353615
0454328
0356611
0456919
0353508
0554064
0257415
0453348
0353419
0455140
0255444
0554260
0356249
0454387
0553863
0457313
0456024
0254799
0353052
0256331
0253304
0254839
0256185
0553358
0157631
0153426
0456209
0457042
0353000
0354883
0157162
0255317
0557282
0556144
0355362
0555960
0157598
0455086
0552773
0156813
0155414
0253893
0455432
0154634
0556983
0555018
0353574
0557573
0153201
0454226
0153631
0255121
0453919
0354798
0254827
0553265
0356016
0255459
0156816
0455625
0253363
0457050
0257450
0455095
0457000
0153675
0254663
0352876
0257067
0556522
0153526
0357170
0452828
0453226
0254963
0457418
0454257
0155881
0256108
0456464
0354594
0157316
0153472
0454673
0256408
0155077
0157342
0153447
0557509
0455646
0356903
0353699
0356169
0156146
0456494
0353663
0555494
0253214
0553780
0255998
0255126
0253062
0156581
0453303
0354746
0356246
0554842
0554114
0256386
0155177
0157628
0253353
0253515
0155657
0253668
0356815
0455057
0156530
0155816
0556090
0357268
0155879
0355152
0256779
0153500
0153818
0254708
0254433
0452854
0254771
0256214
0357211
0554168
0357579
0355324
0155079
0155540
0556034
0153003
0556789
0255129
0556356
0352802
0254128
0255818
0354391
0554196
0255790
0257227
0557163
0156838
0253501
0257545
0155357
0254596
0254768
0556140
0256523
0555478
0255547
0356281
0356397
0453889
0453093
0554146
0356597
0153559
0453135
0352696
0253886
0356138
0555363
0356083
0154186
0453132
0154847
0257516
0257459
0355820
0256833
0557165
0155602
0355048
0256521
0254809
0356587
0253509
0456038
0153843
0555689
0455034
0552787
0155060
0253305
0455568
0352771
0354584
0356808
0453771
0552999
0356984
0452832
0357576
0155549
0555569
0155491
0156387
0556166
0555293
0352952
0453268
0154278
0153028
0153489
0553941
0353693
0353786
0453824
0457588
0156220
0457024
0353896
0555580
0256385
0253343
0456931
0153300
0156337
0354484
0253916
0556827
0155810
0557561
0357145
0155197
0154776
0552978
0253887
0156076
0552723
0454534
0453133
0352844
0157367
0455944
0355442
0453454
0357431
0353757
0556163
0555785
0355147
0156548
0355419
0153696
0557428
0255650
0255413
0353639
0554676
0555404
0154898
0254215
0456574
0555946
0352992
0157066
0255342
0457177
0154692
0156832
0254352
0554531
0455053
0155731
0356262
0253789
0155784
0153193
0455982
0352827
0356394
0254677
0153664
0457527
0254507
0254434
0255196
0357581
0354172
0254395
0553697
0153018
0357193
0456027
0556817
0353139
0353963
0255098
0353486
0154000
0354800
0557625
0357043
0457081
0553876
0254203
0356308
0154290
0353355
0156653
0556391
0255966
0353885
0554644
0156318
0455636
0353187
0156934
0556395
0155735
0554378
0552738
0553600
0454837
0253441
0555719
0353131
0256481
0155676
0356321
0154259
0156908
0454165
0554560
0155654
0457234
0157552
0357073
0457643
0456773
0355150
0453538
0156468
0253047
0556826
0453229
0253458
0154965
0153219
0154717
0457086
0454512
0157481
0457195
0456406
0256765
0157188
0156149
0254935
0555504
0557350
0254695
0254193
0557027
0354668
0255004
0456533
0353491
0455336
0457421
0152797
0152820
0555700
0556411
0455736
0453350
0356600
0154115
0455143
0155380
0153188
0456005
0153213
0553671
0153852
0453115
0556623
0553182
0456584
0255335
0353091
0152709
0355577
0554993
0156892
0257137
0155578
0555381
0555608
0555193
0154856
0356659
0156293
0454160
0256350
0554991
0253900
0453585
0355230
0354734
0257178
0454870
0452790
0256365
0557484
0256433
0353020
0457327
0256937
0254330
0154143
0556044
0253316
0355764
0253082
0254873
0356509
0153669
0454720
0254868
0456532
0557455
0456834
0454182
0453790
0352998
0253815
0454455
0456389
0155833
0353695
0355588
0453431
0455383
0455426
0456225
0553990
0354657
0156539
0455372
0156938
0153938
0254445
0354904
0253298
0255757
0353788
0357486
0152718
0456828
0555848
0455081
0257213
0254442
0156373
0154358
0557639
0154831
0155916
0554556
0456933
0353242
0555712
0553974
0257247
0253442
0353596
0557225
0555599
0354152
0156743
0256668
0557013
0555356
0456644
0257387
0256087
0257294
0453908
0155113
0154539
0353253
0355708
0156747
0255466
0354419
0454449
0253704
0557284
0357190
0456393
0353042
0152896
0354969
0253966
0252839
0353747
0553958
0254712
0153129
0454816
0257364
0456841
0155028
0253537
0353980
0357036
0553937
0154390
0452758
0253292
0455167
0557363
0456831
0552704
0454971
0452732
0557319
0355976
0155213
0354335
0253186
0153435
0255225
0253427
0157105
0356851
0156953
0553461
0255195
0157154
0355734
0154386
0356791
0553882
0355365
0452757
0356206
0257320
0153233
0356465
0256112
0155997
0353909
0554514
0355157
0553869
0456785
0454424
0353862
0256186
0253873
0554485
0254402
0453539
0255560
0354437
0453672
0453677
0455501
0354414
0456021
0353598
0456286
0356935
0452919
0354665
0154380
0254350
0457636
0253751
0257135
0453263
0556425
0256404
0352826
0256124
0354711
0555862
0257167
0255315
0552905
0255884
0153197
0252894
0256963
0153452
0355779
0154590
0455822
0455662
0553884
0255509
0257209
0354253
0354201
0257500
0156787
0556341
0556784
0357131
0356153
0355564
0154889